  0.000000  1.000000  1.000000
  0.005000  0.995013  0.995013
  0.010000  0.990050  0.990050
  0.015000  0.985113  0.985113
  0.020000  0.980201  0.980201
  0.025000  0.975315  0.975315
  0.030000  0.970454  0.970454
  0.035000  0.965619  0.965619
  0.040000  0.960810  0.960810
  0.045000  0.956026  0.956026
  0.050000  0.951269  0.951269
  0.055000  0.946538  0.946538
  0.060000  0.941832  0.941832
  0.065000  0.937153  0.937153
  0.070000  0.932500  0.932500
  0.075000  0.927874  0.927874
  0.080000  0.923273  0.923273
  0.085000  0.918700  0.918700
  0.090000  0.914152  0.914152
  0.095000  0.909631  0.909631
  0.100000  0.905137  0.905137
  0.105000  0.900670  0.900670
  0.110000  0.896229  0.896229
  0.115000  0.891815  0.891815
  0.120000  0.887427  0.887427
  0.125000  0.883066  0.883066
  0.130000  0.878732  0.878732
  0.135000  0.874425  0.874425
  0.140000  0.870145  0.870145
  0.145000  0.865891  0.865891
  0.150000  0.861664  0.861664
  0.155000  0.857464  0.857464
  0.160000  0.853290  0.853290
  0.165000  0.849144  0.849144
  0.170000  0.845024  0.845024
  0.175000  0.840931  0.840931
  0.180000  0.836865  0.836865
  0.185000  0.832825  0.832825
  0.190000  0.828812  0.828812
  0.195000  0.824826  0.824826
  0.200000  0.820866  0.820866
  0.205000  0.816933  0.816933
  0.210000  0.813026  0.813026
  0.215000  0.809146  0.809146
  0.220000  0.805292  0.805292
  0.225000  0.801465  0.801465
  0.230000  0.797664  0.797664
  0.235000  0.793889  0.793889
  0.240000  0.790140  0.790140
  0.245000  0.786418  0.786418
  0.250000  0.782721  0.782721
  0.255000  0.779051  0.779051
  0.260000  0.775406  0.775406
  0.265000  0.771788  0.771788
  0.270000  0.768195  0.768195
  0.275000  0.764628  0.764628
  0.280000  0.761086  0.761086
  0.285000  0.757570  0.757570
  0.290000  0.754080  0.754080
  0.295000  0.750614  0.750614
  0.300000  0.747174  0.747174
  0.305000  0.743759  0.743759
  0.310000  0.740370  0.740370
  0.315000  0.737005  0.737005
  0.320000  0.733665  0.733665
  0.325000  0.730350  0.730350
  0.330000  0.727059  0.727059
  0.335000  0.723793  0.723793
  0.340000  0.720551  0.720551
  0.345000  0.717334  0.717334
  0.350000  0.714141  0.714141
  0.355000  0.710972  0.710972
  0.360000  0.707827  0.707827
  0.365000  0.704706  0.704706
  0.370000  0.701608  0.701608
  0.375000  0.698535  0.698535
  0.380000  0.695484  0.695484
  0.385000  0.692457  0.692457
  0.390000  0.689453  0.689453
  0.395000  0.686473  0.686473
  0.400000  0.683515  0.683515
  0.405000  0.680580  0.680580
  0.410000  0.677668  0.677668
  0.415000  0.674779  0.674779
  0.420000  0.671912  0.671912
  0.425000  0.669067  0.669067
  0.430000  0.666245  0.666245
  0.435000  0.663444  0.663444
  0.440000  0.660666  0.660666
  0.445000  0.657909  0.657909
  0.450000  0.655174  0.655174
  0.455000  0.652461  0.652461
  0.460000  0.649769  0.649769
  0.465000  0.647098  0.647098
  0.470000  0.644448  0.644448
  0.475000  0.641819  0.641819
  0.480000  0.639211  0.639211
  0.485000  0.636624  0.636624
  0.490000  0.634057  0.634057
  0.495000  0.631511  0.631511
  0.500000  0.628985  0.628985
  0.505000  0.626479  0.626479
  0.510000  0.623993  0.623993
  0.515000  0.621527  0.621527
  0.520000  0.619081  0.619081
  0.525000  0.616654  0.616654
  0.530000  0.614247  0.614247
  0.535000  0.611859  0.611859
  0.540000  0.609490  0.609490
  0.545000  0.607140  0.607140
  0.550000  0.604809  0.604809
  0.555000  0.602496  0.602496
  0.560000  0.600202  0.600202
  0.565000  0.597927  0.597927
  0.570000  0.595670  0.595670
  0.575000  0.593431  0.593431
  0.580000  0.591210  0.591210
  0.585000  0.589007  0.589007
  0.590000  0.586822  0.586822
  0.595000  0.584654  0.584654
  0.600000  0.582504  0.582504
  0.605000  0.580371  0.580371
  0.610000  0.578255  0.578255
  0.615000  0.576156  0.576156
  0.620000  0.574075  0.574075
  0.625000  0.572010  0.572010
  0.630000  0.569961  0.569961
  0.635000  0.567929  0.567929
  0.640000  0.565914  0.565914
  0.645000  0.563915  0.563915
  0.650000  0.561932  0.561932
  0.655000  0.559964  0.559964
  0.660000  0.558013  0.558013
  0.665000  0.556077  0.556077
  0.670000  0.554157  0.554157
  0.675000  0.552253  0.552253
  0.680000  0.550363  0.550363
  0.685000  0.548489  0.548489
  0.690000  0.546630  0.546630
  0.695000  0.544786  0.544786
  0.700000  0.542957  0.542957
  0.705000  0.541142  0.541142
  0.710000  0.539342  0.539342
  0.715000  0.537556  0.537556
  0.720000  0.535785  0.535785
  0.725000  0.534027  0.534027
  0.730000  0.532284  0.532284
  0.735000  0.530555  0.530555
  0.740000  0.528839  0.528839
  0.745000  0.527138  0.527138
  0.750000  0.525450  0.525450
  0.755000  0.523775  0.523775
  0.760000  0.522113  0.522113
  0.765000  0.520465  0.520465
  0.770000  0.518830  0.518830
  0.775000  0.517208  0.517208
  0.780000  0.515599  0.515599
  0.785000  0.514002  0.514002
  0.790000  0.512419  0.512419
  0.795000  0.510847  0.510847
  0.800000  0.509288  0.509288
  0.805000  0.507742  0.507742
  0.810000  0.506207  0.506207
  0.815000  0.504685  0.504685
  0.820000  0.503175  0.503175
  0.825000  0.501676  0.501676
  0.830000  0.500190  0.500190
  0.835000  0.498715  0.498715
  0.840000  0.497251  0.497251
  0.845000  0.495799  0.495799
  0.850000  0.494359  0.494359
  0.855000  0.492929  0.492929
  0.860000  0.491511  0.491511
  0.865000  0.490104  0.490104
  0.870000  0.488708  0.488708
  0.875000  0.487322  0.487322
  0.880000  0.485947  0.485947
  0.885000  0.484583  0.484583
  0.890000  0.483230  0.483230
  0.895000  0.481887  0.481887
  0.900000  0.480554  0.480554
  0.905000  0.479232  0.479232
  0.910000  0.477920  0.477920
  0.915000  0.476618  0.476618
  0.920000  0.475325  0.475325
  0.925000  0.474043  0.474043
  0.930000  0.472771  0.472771
  0.935000  0.471508  0.471508
  0.940000  0.470255  0.470255
  0.945000  0.469011  0.469011
  0.950000  0.467777  0.467777
  0.955000  0.466553  0.466553
  0.960000  0.465337  0.465337
  0.965000  0.464131  0.464131
  0.970000  0.462934  0.462934
  0.975000  0.461746  0.461746
  0.980000  0.460567  0.460567
  0.985000  0.459396  0.459396
  0.990000  0.458235  0.458235
  0.995000  0.457082  0.457082
  1.000000  0.455938  0.455938
  1.005000  0.454803  0.454803
  1.010000  0.453675  0.453675
  1.015000  0.452557  0.452557
  1.020000  0.451446  0.451446
  1.025000  0.450344  0.450344
  1.030000  0.449250  0.449250
  1.035000  0.448164  0.448164
  1.040000  0.447086  0.447086
  1.045000  0.446016  0.446016
  1.050000  0.444954  0.444954
  1.055000  0.443900  0.443900
  1.060000  0.442854  0.442854
  1.065000  0.441815  0.441815
  1.070000  0.440783  0.440783
  1.075000  0.439760  0.439760
  1.080000  0.438743  0.438743
  1.085000  0.437734  0.437734
  1.090000  0.436733  0.436733
  1.100000  0.434751  0.434751
  1.110000  0.432798  0.432798
  1.120000  0.430873  0.430873
  1.130000  0.428976  0.428976
  1.140000  0.427105  0.427105
  1.150000  0.425261  0.425261
  1.160000  0.423443  0.423443
  1.170000  0.421650  0.421650
  1.180000  0.419883  0.419883
  1.190000  0.418140  0.418140
  1.200000  0.416421  0.416421
  1.210000  0.414726  0.414726
  1.220000  0.413055  0.413055
  1.230000  0.411406  0.411406
  1.240000  0.409780  0.409780
  1.250000  0.408177  0.408177
  1.260000  0.406595  0.406595
  1.270000  0.405034  0.405034
  1.280000  0.403494  0.403494
  1.290000  0.401975  0.401975
  1.300000  0.400476  0.400476
  1.310000  0.398997  0.398997
  1.320000  0.397538  0.397538
  1.330000  0.396098  0.396098
  1.340000  0.394677  0.394677
  1.350000  0.393274  0.393274
  1.360000  0.391890  0.391890
  1.370000  0.390524  0.390524
  1.380000  0.389175  0.389175
  1.390000  0.387844  0.387844
  1.400000  0.386530  0.386530
  1.410000  0.385232  0.385232
  1.420000  0.383951  0.383951
  1.430000  0.382686  0.382686
  1.440000  0.381437  0.381437
  1.450000  0.380204  0.380204
  1.460000  0.378986  0.378986
  1.470000  0.377784  0.377784
  1.480000  0.376596  0.376596
  1.490000  0.375423  0.375423
  1.500000  0.374264  0.374264
  1.510000  0.373120  0.373120
  1.520000  0.371989  0.371989
  1.530000  0.370872  0.370872
  1.540000  0.369769  0.369769
  1.550000  0.368679  0.368679
  1.560000  0.367601  0.367601
  1.570000  0.366537  0.366537
  1.580000  0.365486  0.365486
  1.590000  0.364447  0.364447
  1.600000  0.363420  0.363420
  1.610000  0.362405  0.362405
  1.620000  0.361402  0.361402
  1.640000  0.359431  0.359431
  1.660000  0.357505  0.357505
  1.680000  0.355622  0.355622
  1.700000  0.353783  0.353783
  1.720000  0.351984  0.351984
  1.740000  0.350226  0.350226
  1.760000  0.348506  0.348506
  1.780000  0.346823  0.346823
  1.800000  0.345177  0.345177
  1.820000  0.343566  0.343566
  1.840000  0.341990  0.341990
  1.860000  0.340447  0.340447
  1.880000  0.338936  0.338936
  1.900000  0.337457  0.337457
  1.920000  0.336008  0.336008
  1.940000  0.334588  0.334588
  1.960000  0.333198  0.333198
  1.980000  0.331835  0.331835
  2.000000  0.330500  0.330500
  2.020000  0.329191  0.329191
  2.040000  0.327908  0.327908
  2.060000  0.326650  0.326650
  2.080000  0.325416  0.325416
  2.100000  0.324206  0.324206
  2.120000  0.323019  0.323019
  2.140000  0.321854  0.321854
  2.160000  0.320711  0.320711
  2.180000  0.319589  0.319589
  2.200000  0.318489  0.318489
  2.220000  0.317408  0.317408
  2.240000  0.316347  0.316347
  2.260000  0.315305  0.315305
  2.280000  0.314282  0.314282
  2.300000  0.313277  0.313277
  2.340000  0.311319  0.311319
  2.380000  0.309429  0.309429
  2.420000  0.307604  0.307604
  2.460000  0.305839  0.305839
  2.500000  0.304133  0.304133
  2.540000  0.302482  0.302482
  2.580000  0.300885  0.300885
  2.620000  0.299338  0.299338
  2.660000  0.297839  0.297839
  2.700000  0.296387  0.296387
  2.740000  0.294978  0.294978
  2.780000  0.293612  0.293612
  2.820000  0.292287  0.292287
  2.860000  0.291000  0.291000
  2.900000  0.289750  0.289750
  2.940000  0.288536  0.288536
  2.980000  0.287356  0.287356
  3.020000  0.286209  0.286209
  3.060000  0.285093  0.285093
  3.100000  0.284008  0.284008
  3.140000  0.282951  0.282951
  3.180000  0.281923  0.281923
  3.220000  0.280921  0.280921
  3.300000  0.278995  0.278995
  3.380000  0.277165  0.277165
  3.460000  0.275423  0.275423
  3.540000  0.273765  0.273765
  3.620000  0.272185  0.272185
  3.700000  0.270676  0.270676
  3.780000  0.269235  0.269235
  3.860000  0.267857  0.267857
  3.940000  0.266538  0.266538
  4.020000  0.265275  0.265275
  4.100000  0.264064  0.264064
  4.180000  0.262902  0.262902
  4.260000  0.261786  0.261786
  4.340000  0.260713  0.260713
  4.420000  0.259682  0.259682
  4.580000  0.257733  0.257733
  4.740000  0.255924  0.255924
  4.900000  0.254239  0.254239
  5.060000  0.252667  0.252667
  5.220000  0.251197  0.251197
  5.380000  0.249819  0.249819
  5.540000  0.248524  0.248524
  5.700000  0.247307  0.247307
  5.860000  0.246159  0.246159
  6.020000  0.245076  0.245076
  6.180000  0.244052  0.244052
  6.500000  0.242162  0.242162
  6.820000  0.240459  0.240459
  7.140000  0.238915  0.238915
  7.460000  0.237511  0.237511
  7.780000  0.236227  0.236227
  8.100000  0.235049  0.235049
  8.420000  0.233965  0.233965
  8.740000  0.232963  0.232963
  9.380000  0.231173  0.231173
 10.020000  0.229621  0.229621
