  0.000000  1.000000  2.000000  0.000000
  0.200000  1.406382  2.094321  0.919779
  0.400000  1.849246  2.361799  1.747446
  0.600000  2.361983  2.792826  2.567792
  0.800000  2.977637  3.393066  3.450312
  1.000000  3.731717  4.181253  4.457382
  1.200000  4.664712  5.188412  5.650471
  1.400000  5.824563  6.458204  7.095221
  1.600000  7.269308  8.048214  8.865967
  1.800000  9.070068 10.032129 11.050178
  2.000000 11.314563 12.502834 13.753147
  2.200000 14.111337 15.576489 17.103286
  2.400000 17.594924 19.397754 21.258316
  2.600000 21.932170 24.146371 26.412692
  2.800000 27.330050 30.045383 32.806625
  3.000000 34.045312 37.371354 40.737132
  3.200000 42.396398 46.467038 50.571626
  3.400000 52.778202 57.757079 62.764668
  3.600000 65.680317 71.767433 77.878632
  3.800000 81.709619 89.149392 96.609223
  4.000000101.618196110.709292119.816982
  4.200000126.337902137.445233148.566196
  4.400000157.023088170.592466184.172952
  4.600000195.103441211.679478228.264471
  4.800000242.349319262.597287282.852367
  5.000000300.952518325.685048350.423102
  5.200000373.626096403.835801434.049637
  5.400000463.727759500.627064537.529262
  5.600000575.412313620.482120665.553687
  5.800000713.820030768.869152823.918963
  6.000000885.309360952.547112**********
  6.200000******************************
  6.400000******************************
  6.600000******************************
  6.800000******************************
  7.000000******************************
  7.200000******************************
  7.400000******************************
  7.600000******************************
  7.800000******************************
  8.000000******************************
  8.200000******************************
  8.400000******************************
  8.600000******************************
  8.800000******************************
  9.000000******************************
  9.200000******************************
  9.400000******************************
  9.600000******************************
  9.800000******************************
